5300.0
5300.0
5300.0
5300.0
5300.0
5300.0
5300.0
5300.0
1950.0
1950.0
1950.0
1950.0
1950.0
1950.0
1950.0
1950.0
1320.0
1320.0
1320.0
1320.0
1320.0
1320.0
1320.0
1320.0
1160.0
1160.0
1160.0
1160.0
1160.0
1160.0
1160.0
1160.0
1140.0
1140.0
1140.0
1140.0
1140.0
1140.0
1140.0
1140.0
1130.0
1130.0
1130.0
1130.0
1130.0
1130.0
1130.0
1130.0
1130.0
1130.0
1130.0
1130.0
1130.0
1130.0
1130.0
1130.0
1070.0
1070.0
1070.0
1070.0
1070.0
1070.0
1070.0
1070.0
1060.0
1060.0
1060.0
1060.0
1060.0
1060.0
1060.0
1060.0
1030.0
1030.0
1030.0
1030.0
1030.0
1030.0
1030.0
1030.0
976.0
976.0
976.0
976.0
976.0
976.0
976.0
976.0
964.0
964.0
964.0
964.0
964.0
964.0
964.0
964.0
889.0
889.0
889.0
889.0
889.0
889.0
889.0
889.0
845.0
845.0
845.0
845.0
845.0
845.0
845.0
845.0
812.0
812.0
812.0
812.0
812.0
812.0
812.0
812.0
811.0
811.0
811.0
811.0
811.0
811.0
811.0
811.0
780.0
780.0
780.0
780.0
780.0
780.0
780.0
780.0
751.0
751.0
751.0
751.0
751.0
751.0
751.0
751.0
628.0
628.0
628.0
628.0
628.0
628.0
628.0
628.0
549.0
549.0
549.0
549.0
549.0
549.0
549.0
549.0
540.0
540.0
540.0
540.0
540.0
540.0
540.0
540.0
539.0
539.0
539.0
539.0
539.0
539.0
539.0
539.0
536.0
536.0
536.0
536.0
536.0
536.0
536.0
536.0
531.0
531.0
531.0
531.0
531.0
531.0
531.0
531.0
508.0
508.0
508.0
508.0
508.0
508.0
508.0
508.0
468.0
468.0
468.0
468.0
468.0
468.0
468.0
468.0
461.0
461.0
461.0
461.0
461.0
461.0
461.0
461.0
452.0
452.0
452.0
452.0
452.0
452.0
452.0
452.0
449.0
449.0
449.0
449.0
449.0
449.0
449.0
449.0
443.0
443.0
443.0
443.0
443.0
443.0
443.0
443.0
443.0
443.0
443.0
443.0
443.0
443.0
443.0
443.0
439.0
439.0
439.0
439.0
439.0
439.0
439.0
439.0
409.0
409.0
409.0
409.0
409.0
409.0
409.0
409.0
357.0
357.0
357.0
357.0
357.0
357.0
357.0
357.0
309.0
309.0
309.0
309.0
309.0
309.0
309.0
309.0
293.0
293.0
293.0
293.0
293.0
293.0
293.0
293.0
287.0
287.0
287.0
287.0
287.0
287.0
287.0
287.0
287.0
287.0
287.0
287.0
287.0
287.0
287.0
287.0
258.0
258.0
258.0
258.0
258.0
258.0
258.0
258.0
257.0
257.0
257.0
257.0
257.0
257.0
257.0
257.0
249.0
249.0
249.0
249.0
249.0
249.0
249.0
249.0
217.0
217.0
217.0
217.0
217.0
217.0
217.0
217.0
183.0
183.0
183.0
183.0
183.0
183.0
183.0
183.0
172.0
172.0
172.0
172.0
172.0
172.0
172.0
172.0
170.0
170.0
170.0
170.0
170.0
170.0
170.0
170.0
129.0
129.0
129.0
129.0
129.0
129.0
129.0
129.0
116.0
116.0
116.0
116.0
116.0
116.0
116.0
116.0
116.0
116.0
116.0
116.0
116.0
116.0
116.0
116.0
115.0
115.0
115.0
115.0
115.0
115.0
115.0
115.0
113.0
113.0
113.0
113.0
113.0
113.0
113.0
113.0
112.0
112.0
112.0
112.0
112.0
112.0
112.0
112.0
112.0
112.0
112.0
112.0
112.0
112.0
112.0
112.0
110.0
110.0
110.0
110.0
110.0
110.0
110.0
110.0
110.0
110.0
110.0
110.0
109.0
109.0
109.0
109.0
109.0
109.0
109.0
109.0
108.0
108.0
108.0
108.0
108.0
108.0
108.0
108.0
108.0
108.0
108.0
108.0
108.0
108.0
108.0
108.0
108.0
108.0
108.0
108.0
108.0
108.0
108.0
108.0
108.0
108.0
108.0
108.0
108.0
108.0
108.0
108.0
108.0
108.0
108.0
108.0
108.0
108.0
108.0
108.0
107.0
107.0
107.0
107.0
107.0
107.0
107.0
107.0
107.0
107.0
107.0
106.0
106.0
106.0
106.0
106.0
106.0
106.0
106.0
105.0
105.0
105.0
105.0
105.0
105.0
105.0
105.0
103.0
103.0
103.0
103.0
103.0
103.0
103.0
103.0
99.4
99.4
99.4
99.4
99.4
99.4
99.4
99.4
83.9
83.9
83.9
83.9
83.9
83.9
83.9
83.9
69.8
69.8
69.8
69.8
69.8
69.8
69.8
69.8
53.8
53.8
53.8
53.8
53.8
53.8
53.8
53.8
48.1
48.1
48.1
48.1
48.1
48.1
48.1
48.1
43.3
43.3
43.3
43.3
43.3
43.3
43.3
43.3
38.6
38.6
38.6
38.6
38.6
38.6
38.6
38.6
38.2
38.2
38.2
38.2
38.2
38.2
38.2
38.2
37.0
37.0
37.0
37.0
37.0
37.0
37.0
37.0
36.2
36.2
36.2
36.2
36.2
36.2
36.2
36.2
33.0
33.0
33.0
33.0
33.0
33.0
33.0
33.0
30.4
30.4
30.4
30.4
30.4
30.4
30.4
30.4
30.3
30.3
30.3
30.3
30.3
30.3
30.3
30.3
29.6
29.6
29.6
29.6
29.6
29.6
29.6
29.6
29.6
29.6
29.6
29.6
29.6
29.6
29.6
29.6
28.4
28.4
28.4
28.4
28.4
28.4
28.4
28.4
27.1
27.1
27.1
27.1
27.1
27.1
27.1
27.1
26.1
26.1
26.1
26.1
26.1
26.1
26.1
26.1
8.75
8.75
8.75
8.75
8.75
8.75
8.75
8.75
7.23
7.23
7.23
7.23
7.23
7.23
7.23
7.23
